time,f1,b1,f2,b2,f3,b3,f1p,f2p,f3p,f0,intensity,harmonicity
0.025937,406.6,51.3,1940.5,306.0,3046.9,1542.1,474.1,1685,2688,0,65.2,-203.2
0.027937,403.9,38.4,1927.7,240.9,3091.1,1412.3,474.1,1685,2688,0,66.6,-209.5
0.029937,397.8,29.8,1902.4,215.3,3108.3,1123.9,474.2,1685.1,2687.9,0,68,-214.2
0.031937,397.3,25.9,1877.3,213.4,3131.5,884.7,474.3,1685.1,2687.8,0,69.1,-212.7
0.033937,407.6,25.6,1867.9,202.1,3198.6,737.9,474.4,1685.1,2687.6,0,70.2,-200
0.035937,427.9,26.8,1878.7,157.9,3292.5,598.7,474.6,1685.1,2687.4,0,71.1,-170.1
0.037937,450.4,27.9,1891.4,115.9,3356.9,451.6,474.8,1685.2,2687.1,0,71.9,-126.2
0.039937,465.8,28.3,1897.4,94.7,3389.2,337.4,475,1685.2,2686.9,204,72.8,-77.4
0.041937,468.3,28.5,1896.3,94.9,3407.8,274.4,475.2,1685.3,2686.6,204.1,73.7,-33
0.043937,463.3,29.1,1888.4,115.5,3424.6,249.4,475.5,1685.3,2686.2,204.2,74.5,-2.2
0.045937,457.4,31.6,1871.5,158.7,3444.9,247.1,475.8,1685.4,2685.8,204.3,75.3,12.1
0.047937,452.4,36.1,1848.4,207.7,3465.6,254.4,476.2,1685.5,2685.4,204.4,75.9,15.9
0.049937,448.1,41.1,1826.3,238.5,3481.3,264.5,476.5,1685.6,2685,204.5,76.5,13.8
0.051937,444.5,45.1,1810.6,251.8,3483.0,282.0,476.9,1685.7,2684.5,204.7,76.9,10.3
0.053937,440.8,47.3,1800.1,265.4,3459.4,317.3,477.3,1685.8,2684,204.8,77.3,9.9
0.055937,436.0,47.1,1789.9,280.5,3393.9,370.8,477.8,1685.9,2683.4,205,77.6,12.9
0.057937,431.7,45.1,1776.4,275.6,3297.1,395.6,478.3,1686,2682.8,205.1,78,16.4
0.059937,429.5,43.4,1762.4,248.6,3211.1,369.8,478.8,1686.1,2682.2,205.3,78.3,19.9
0.061937,430.1,43.3,1751.8,222.1,3168.0,338.3,479.3,1686.2,2681.6,205.5,78.6,22.7
0.063937,433.0,44.9,1743.9,209.8,3158.2,330.8,479.8,1686.4,2680.9,205.6,78.9,24.3
0.065937,436.7,47.5,1737.8,212.0,3159.4,344.1,480.4,1686.5,2680.2,205.8,79.2,24.7
0.067937,438.6,49.5,1734.9,223.6,3160.8,367.2,481,1686.7,2679.5,205.9,79.6,24.1
0.069937,439.6,51.1,1737.0,230.8,3163.6,401.4,481.7,1686.9,2678.7,206.1,79.9,22.9
0.071937,444.3,55.6,1746.1,218.6,3161.0,463.7,482.3,1687,2678,206.2,80.2,21.2
0.073937,460.5,69.1,1760.6,192.7,3115.9,553.6,483,1687.2,2677.2,206.4,80.6,19.2
0.075937,497.8,89.5,1774.8,161.0,3004.8,537.8,483.7,1687.5,2676.3,206.5,81.1,16.6
0.077937,547.1,93.7,1786.5,127.7,2922.4,401.6,484.4,1687.7,2675.5,206.6,81.6,13
0.079937,588.4,77.6,1797.4,99.5,2884.1,281.4,485.2,1687.9,2674.6,206.7,82.2,9.3
0.081937,614.3,58.2,1806.5,80.1,2866.5,208.4,486,1688.1,2673.8,206.8,82.9,6.3
0.083937,629.0,44.5,1812.5,68.5,2856.4,170.1,486.8,1688.4,2672.9,206.8,83.5,4.8
0.085937,637.2,37.3,1815.9,62.9,2848.4,151.9,487.6,1688.7,2672,206.9,84,5.1
0.087937,641.0,35.0,1817.4,62.1,2842.3,145.5,488.4,1689,2671,206.9,84.4,6.7
0.089937,642.4,35.3,1818.2,64.5,2839.2,143.1,489.3,1689.3,2670.1,206.9,84.6,9.1
0.091937,642.3,37.3,1818.4,69.3,2840.2,141.0,490.2,1689.6,2669.1,206.9,84.7,11.5
0.093937,641.6,40.6,1816.7,76.2,2844.0,139.5,491.1,1689.9,2668.2,206.9,84.7,13.3
0.095937,641.3,45.7,1812.2,85.5,2849.2,140.3,492,1690.3,2667.2,206.9,84.6,14.6
0.097937,641.5,51.8,1805.7,95.4,2264.9,4039.6,493,1690.6,2666.2,206.8,84.4,15.7
0.099937,641.7,58.4,1798.7,104.4,2213.2,3027.7,493.9,1691,2665.2,206.8,84.1,16.6
0.101937,641.2,64.8,1792.2,111.8,2163.4,2503.9,494.9,1691.4,2664.2,206.7,83.8,17.4
0.103937,639.8,70.8,1785.2,118.7,2120.4,2168.3,495.9,1691.9,2663.2,206.6,83.5,18
0.105937,637.4,76.3,1775.1,126.2,2086.8,1906.0,496.9,1692.3,2662.2,206.6,83.3,18.6
0.107937,634.2,80.1,1761.0,133.6,2066.7,1685.6,498,1692.8,2661.2,206.5,83,19.1
0.109937,630.4,81.5,1742.8,138.7,2059.2,1485.8,499,1693.3,2660.2,206.4,82.9,19.5
0.111937,626.2,80.0,1723.1,138.1,2063.3,1324.5,500.1,1693.8,2659.2,206.4,82.8,19.6
0.113937,621.9,75.7,1704.4,131.3,2076.3,1218.7,501.2,1694.3,2658.3,206.3,82.8,19.5
0.115937,617.5,68.4,1686.3,120.4,2096.8,1168.2,502.3,1694.9,2657.3,206.3,82.8,19.3
0.117937,613.0,60.2,1669.9,108.8,2122.8,1172.5,503.4,1695.4,2656.3,206.2,82.9,18.8
0.119937,608.2,52.8,1654.7,97.6,2157.0,1229.6,504.5,1696,2655.3,206.2,82.9,18.1
0.121937,603.3,47.3,1641.8,87.9,2202.5,1338.8,505.6,1696.7,2654.4,206.2,82.9,17.2
0.123937,598.6,44.5,1632.0,81.2,2262.8,1491.9,506.8,1697.3,2653.4,206.2,82.7,16
0.125937,593.8,44.9,1625.4,78.8,2346.5,1680.8,507.9,1698,2652.5,206.2,82.4,14.2
0.127937,587.7,49.3,1622.0,82.8,2446.1,1827.6,509.1,1698.7,2651.6,206.3,81.9,11.9
0.129937,577.3,59.1,1619.5,97.1,2503.6,1768.9,510.3,1699.4,2650.7,206.3,81.2,9.5
0.131937,557.1,75.7,1613.3,131.4,2377.5,1354.4,511.5,1700.2,2649.8,206.4,80.5,7.5
0.133937,517.9,96.6,1588.6,195.0,2156.2,856.6,512.7,1700.9,2649,206.4,79.8,6.2
0.135937,457.7,102.3,1523.4,222.6,2090.0,439.1,513.9,1701.7,2648.2,206.5,79.3,5.7
0.137937,414.4,85.1,1475.6,188.2,2098.2,260.0,515.1,1702.6,2647.3,206.6,79,5.8
0.139937,403.6,76.1,1453.6,187.5,2121.6,216.0,516.3,1703.5,2646.6,206.7,78.9,6.4
0.141937,409.6,79.0,1444.5,216.4,2148.9,213.1,517.5,1704.4,2645.8,206.8,79,7.3
0.143937,417.2,82.9,1435.8,242.9,2165.0,206.0,518.7,1705.3,2645.1,206.9,79.1,8.5
0.145937,420.4,83.6,1422.8,250.8,2165.9,188.3,519.9,1706.2,2644.4,207,79.2,10.1
0.147937,418.6,83.0,1417.1,239.9,2161.4,164.8,521.2,1707.2,2643.8,207.1,79.3,12.4
0.149937,413.0,83.2,1423.6,222.1,2158.4,144.2,522.4,1708.3,2643.1,207.2,79.4,14.8
0.151937,405.6,85.3,1438.4,206.3,2158.9,132.7,523.6,1709.3,2642.5,207.3,79.4,17
0.153937,398.1,88.7,1454.2,195.6,2162.4,132.2,524.9,1710.4,2642,207.3,79.4,18.7
0.155937,391.5,91.9,1467.7,188.9,2167.6,143.1,526.1,1711.5,2641.5,207.4,79.3,19.7
0.157937,387.0,93.5,1477.3,185.4,2172.0,161.2,527.4,1712.7,2641,207.4,79.3,20.2
0.159937,384.6,93.4,1484.6,183.9,2175.0,180.6,528.6,1713.9,2640.6,207.5,79.2,20.5
0.161937,384.3,92.4,1490.8,184.4,2177.3,197.4,529.8,1715.1,2640.2,207.5,79.1,20.7
0.163937,385.8,91.6,1496.3,186.5,2180.5,210.9,531.1,1716.4,2639.9,207.5,79,21
0.165937,388.8,91.9,1501.2,190.1,2185.1,221.2,532.3,1717.7,2639.6,207.5,78.9,21.3
0.167937,392.5,93.8,1504.7,195.4,2189.6,227.3,533.5,1719,2639.3,207.4,78.8,21.5
0.169937,396.5,97.4,1506.9,203.8,2192.7,231.5,534.8,1720.4,2639.2,207.4,78.7,21.7
0.171937,400.0,101.6,1508.1,215.0,2192.7,235.1,536,1721.8,2639,207.3,78.6,22
0.173937,402.3,105.3,1508.0,227.2,2187.5,237.2,537.2,1723.3,2638.9,207.2,78.5,22.3
0.175937,403.5,108.7,1506.5,237.6,2177.8,234.9,538.4,1724.8,2638.9,207.1,78.3,22.8
0.177937,404.2,112.3,1506.0,243.3,2168.6,228.4,539.6,1726.3,2638.9,207,78.3,23.4
0.179937,405.3,117.2,1509.1,245.8,2164.0,222.4,540.8,1727.9,2639,206.8,78.2,24
0.181937,406.8,123.8,1517.4,247.7,2166.0,222.4,542,1729.5,2639.1,206.7,78.1,24.5
0.183937,408.1,131.5,1530.1,250.1,2174.6,229.1,543.2,1731.1,2639.3,206.5,78.1,25
0.185937,408.5,137.2,1542.7,250.5,2185.0,237.6,544.4,1732.8,2639.6,206.4,78.2,25.6
0.187937,407.4,136.1,1548.4,247.5,2187.9,240.8,545.5,1734.5,2639.9,206.2,78.3,26.5
0.189937,405.5,130.2,1547.8,243.3,2181.9,236.4,546.7,1736.3,2640.3,206,78.5,27.2
0.191937,404.5,123.2,1544.0,241.3,2171.0,226.2,547.8,1738.1,2640.7,205.8,78.6,27.2
0.193937,407.2,117.4,1538.3,247.3,2159.7,216.0,548.9,1739.9,2641.2,205.6,78.9,25.9
0.195937,418.0,113.5,1528.0,270.2,2149.6,213.6,550.1,1741.8,2641.8,205.3,79.1,22.6
0.197937,436.6,110.4,1508.0,301.6,2140.3,222.5,551.2,1743.8,2642.4,205.1,79.4,17.7
0.199937,457.8,107.8,1484.6,307.2,2131.4,246.7,552.2,1745.7,2643.1,204.9,79.6,12.3
0.201937,477.4,109.9,1480.6,279.2,2125.2,307.0,553.3,1747.7,2643.9,204.6,79.9,7.3
0.203937,497.8,119.9,1498.5,250.6,2127.1,435.8,554.4,1749.8,2644.7,204.4,80.1,3.8
0.205937,525.6,131.9,1527.6,222.1,2143.2,668.8,555.4,1751.9,2645.6,204.2,80.4,2
0.207937,560.3,134.1,1556.6,179.5,2208.2,969.6,556.5,1754,2646.6,203.9,80.8,1.2
0.209937,594.6,124.7,1578.6,130.6,2399.6,1282.7,557.5,1756.2,2647.6,203.7,81.2,1.1
0.211937,619.5,113.0,1593.9,91.6,2861.7,1445.4,558.5,1758.4,2648.7,203.4,81.8,1.5
0.213937,633.8,105.2,1604.3,65.2,2788.0,548.1,559.5,1760.6,2649.9,203.2,82.3,2
0.215937,639.2,99.9,1611.4,47.8,2778.5,473.2,560.4,1762.9,2651.2,203,82.8,3
0.217937,638.0,96.3,1616.3,37.1,2779.6,467.8,561.4,1765.3,2652.5,202.8,83.2,4.5
0.219937,633.8,95.0,1619.8,30.2,2784.6,497.6,562.3,1767.6,2653.9,202.5,83.5,6.2
0.221937,629.3,98.7,1622.5,26.3,2794.5,536.1,563.2,1770,2655.4,202.3,83.7,8
0.223937,626.4,109.8,1624.9,24.7,2808.5,553.1,564.1,1772.5,2656.9,202.1,83.8,9.6
0.225937,625.6,128.6,1628.1,25.3,2820.8,534.2,565,1775,2658.6,202,83.7,11
0.227937,626.6,148.3,1632.1,27.3,2826.6,502.2,565.8,1777.5,2660.2,201.8,83.6,12.4
0.229937,628.3,162.8,1637.8,30.8,2830.5,480.0,566.6,1780.1,2662,201.6,83.4,13.7
0.231937,629.7,169.9,1645.9,35.8,2836.3,470.2,567.5,1782.7,2663.8,201.5,83.3,14.9
0.233937,630.9,172.5,1657.8,42.6,2842.9,458.7,568.2,1785.3,2665.7,201.4,83.1,15.7
0.235937,632.2,174.4,1675.8,51.3,2844.6,431.2,569,1788,2667.7,201.3,82.9,16.3
0.237937,633.5,176.3,1698.6,59.5,2838.4,394.9,569.7,1790.7,2669.8,201.2,82.8,16.6
0.239937,634.3,177.2,1724.1,65.0,2828.0,359.2,570.5,1793.5,2671.9,201.1,82.6,16.7
0.241937,634.6,175.8,1748.6,67.0,2818.1,331.6,571.2,1796.3,2674.1,201.1,82.5,16.7
0.243937,634.4,171.5,1770.2,67.0,2811.1,316.8,571.8,1799.1,2676.4,201,82.5,16.9
0.245937,633.7,163.9,1790.0,66.6,2807.1,313.6,572.5,1802,2678.7,201,82.4,17.1
0.247937,632.5,154.4,1806.9,66.4,2805.5,317.4,573.1,1804.9,2681.1,201,82.3,17.3
0.249937,631.2,145.0,1822.5,66.7,2805.6,322.4,573.7,1807.8,2683.6,201,82.3,17.5
0.251937,630.2,137.7,1837.8,67.6,2806.6,325.0,574.3,1810.8,2686.1,201.1,82.3,17.7
0.253937,629.4,134.0,1854.7,69.6,2806.8,326.1,574.8,1813.8,2688.8,201.1,82.2,17.8
0.255937,628.6,133.7,1876.3,72.6,2803.9,329.4,575.4,1816.8,2691.4,201.2,82.2,17.7
0.257937,627.3,134.2,1900.6,73.8,2799.4,334.0,575.9,1819.9,2694.2,201.3,82.2,17.6
0.259937,625.4,132.5,1924.6,71.0,2796.6,333.2,576.3,1823,2697,201.4,82.3,17.4
0.261937,623.5,126.6,1944.5,64.6,2797.3,323.4,576.8,1826.1,2699.9,201.6,82.3,17.2
0.263937,621.8,116.8,1959.9,56.9,2800.8,307.4,577.2,1829.2,2702.8,201.8,82.4,17.2
0.265937,620.4,104.6,1972.4,49.6,2805.1,289.5,577.6,1832.4,2705.8,202,82.5,17.3
0.267937,619.0,93.3,1982.1,44.0,2808.2,274.3,578,1835.6,2708.9,202.2,82.6,17.5
0.269937,617.5,84.1,1990.1,39.9,2809.9,262.0,578.3,1838.8,2712,202.5,82.7,17.8
0.271937,616.2,76.9,1996.4,37.5,2810.3,252.9,578.6,1842.1,2715.2,202.7,82.8,18
0.273937,615.1,71.0,2001.6,36.6,2809.0,247.7,578.9,1845.4,2718.5,203,82.8,18.1
0.275937,614.0,65.4,2007.0,36.9,2805.1,247.1,579.2,1848.7,2721.8,203.4,82.9,18
0.277937,612.9,60.1,2013.5,38.3,2798.1,251.8,579.4,1852,2725.1,203.8,83,17.8
0.279937,611.5,55.0,2021.6,40.6,2789.2,262.2,579.6,1855.4,2728.6,204.2,83.1,17.5
0.281937,610.1,50.4,2030.6,43.7,2781.7,278.2,579.8,1858.7,2732,204.6,83.2,17.2
0.283937,608.8,46.1,2039.8,47.2,2779.6,295.8,580,1862.1,2735.5,205.1,83.3,16.9
0.285937,608.0,41.7,2048.7,50.4,2785.5,307.1,580.1,1865.5,2739.1,205.6,83.5,16.5
0.287937,607.6,37.7,2056.1,52.8,2797.5,306.3,580.2,1868.9,2742.7,206.2,83.7,16
0.289937,607.7,33.8,2062.9,55.2,2813.6,297.6,580.3,1872.4,2746.4,206.8,83.9,15.5
0.291937,608.4,30.5,2070.2,58.1,2833.8,285.9,580.4,1875.8,2750.1,207.5,84.1,15.1
0.293937,609.5,27.7,2079.2,60.9,2857.7,270.8,580.4,1879.3,2753.8,208.1,84.3,14.6
0.295937,611.2,25.6,2089.0,62.0,2881.1,248.1,580.4,1882.8,2757.6,208.8,84.4,14.3
0.297937,613.2,24.2,2096.2,60.0,2896.8,220.0,580.4,1886.3,2761.4,209.6,84.5,14
0.299937,615.3,23.2,2099.9,55.6,2906.4,189.5,580.3,1889.8,2765.3,210.4,84.5,13.7
0.301937,617.4,22.5,2101.3,50.9,2914.3,160.7,580.2,1893.3,2769.2,211.2,84.5,13.3
0.303937,619.5,22.4,2102.6,48.2,2924.1,136.5,580.1,1896.8,2773.1,212.1,84.4,12.9
0.305937,621.9,23.1,2106.2,50.5,2938.5,117.9,580,1900.3,2777.1,213,84.2,12.2
0.307937,624.2,24.8,2113.5,60.0,2955.0,107.1,579.8,1903.8,2781.1,213.9,84,11.4
0.309937,626.3,28.1,2124.9,77.1,2970.1,102.3,579.6,1907.4,2785.1,214.9,83.6,10.6
0.311937,627.7,33.5,2137.9,98.0,2981.7,101.9,579.4,1910.9,2789.1,215.8,83.2,9.9
0.313937,628.7,41.2,2145.8,116.6,2989.2,104.3,579.2,1914.4,2793.2,216.8,82.8,9.6
0.315937,629.4,49.7,2142.6,129.5,2991.6,106.0,578.9,1918,2797.3,217.8,82.4,9.9
0.317937,629.8,55.8,2132.3,134.7,2989.5,103.4,578.6,1921.5,2801.4,218.8,82,10.5
0.319937,630.0,58.8,2124.8,133.9,2986.3,101.0,578.3,1925,2805.5,219.8,81.6,11.3
0.321937,629.1,60.4,2124.4,130.8,2984.2,105.9,578,1928.5,2809.6,220.9,81.3,12
0.323937,625.9,64.1,2127.0,128.7,2983.4,117.7,577.6,1932.1,2813.7,221.9,80.9,12.2
0.325937,618.7,73.4,2127.8,127.6,2983.8,126.0,577.2,1935.6,2817.9,222.9,80.6,11.7
0.327937,604.9,89.8,2126.0,124.4,2986.2,121.8,576.8,1939.1,2822,223.9,80.2,10.8
0.329937,581.6,110.7,2122.8,114.7,2988.6,112.0,576.4,1942.5,2826.2,224.8,79.9,9.7
0.331937,553.6,125.3,2119.2,100.1,2989.0,104.5,575.9,1946,2830.3,225.8,79.6,8.8
0.333937,533.4,129.6,2115.9,87.1,2989.2,101.8,575.4,1949.5,2834.4,226.7,79.3,8.5
0.335937,528.6,131.4,2111.6,77.0,2989.8,104.6,574.9,1952.9,2838.6,227.5,79.2,8.8
0.337937,536.3,132.7,2105.3,70.3,2989.6,114.9,574.4,1956.3,2842.7,228.4,79,9.6
0.339937,546.4,129.3,2097.2,68.7,2989.6,135.2,573.9,1959.7,2846.8,229.2,78.8,10.6
0.341937,550.3,124.6,2087.3,74.8,2994.8,154.7,573.3,1963.1,2850.9,229.9,78.5,11.7
0.343937,546.4,123.6,2073.1,88.6,3004.7,149.9,572.7,1966.5,2855,230.6,78.2,12.5
0.345937,537.7,128.3,2051.5,105.0,3012.0,127.1,572.1,1969.8,2859.1,231.2,77.8,13.2
0.347937,531.0,138.7,2030.4,108.4,3016.2,111.3,571.5,1973.2,2863.2,231.8,77.2,13.8
0.349937,530.2,157.6,2017.7,98.3,3020.0,107.8,570.8,1976.4,2867.2,232.4,76.5,14.3
0.351937,533.5,190.2,2012.7,87.7,3026.0,110.6,570.1,1979.7,2871.2,232.9,75.7,14.8
0.353937,534.4,240.4,2010.2,84.1,3036.9,114.3,569.4,1982.9,2875.2,233.4,74.7,15
0.355937,522.3,310.5,2007.6,90.1,3054.2,124.5,568.7,1986.1,2879.1,233.8,73.7,15.1
0.357937,494.4,375.5,2004.9,103.8,3073.6,148.7,568,1989.3,2883,234.2,72.5,15.1
0.359937,466.9,417.7,2005.6,118.9,3093.8,193.7,567.2,1992.5,2886.9,234.5,71.4,15
0.361937,461.7,445.9,2015.1,129.4,3109.4,261.6,566.5,1995.6,2890.7,234.9,70.3,14.7
0.363937,479.1,444.4,2034.6,141.1,3104.6,330.0,565.7,1998.6,2894.5,235.2,69.4,14.2
0.365937,501.3,398.4,2057.5,164.1,3081.4,344.0,564.9,2001.7,2898.2,235.5,68.5,16.6
0.367937,516.7,343.8,2081.0,205.4,3075.5,340.4,564,2004.6,2901.9,235.8,67.8,22.1
0.369937,527.0,307.8,2102.0,254.3,3091.6,361.9,563.2,2007.6,2905.6,236.1,67.1,25.8
0.371937,536.6,294.7,2121.6,282.0,3115.4,404.2,562.3,2010.5,2909.2,236.4,66.6,22.9
0.373937,544.0,301.5,2151.2,288.2,3136.9,471.1,561.5,2013.4,2912.7,236.7,66.2,8.7
0.375937,544.8,321.2,2190.3,290.7,3148.7,558.9,560.6,2016.2,2916.2,237.1,65.9,-23.3
0.377937,542.1,343.5,2225.1,295.0,3146.4,638.6,559.7,2018.9,2919.6,237.5,65.7,-70.1
0.379937,549.5,346.1,2242.3,308.0,3123.3,656.8,558.8,2021.7,2923,238,65.6,-121.8
0.381937,572.4,311.4,2242.8,345.5,3096.6,618.3,557.8,2024.3,2926.2,238.6,65.6,-168.3
0.383937,593.6,269.0,2230.5,433.3,3086.3,585.8,556.9,2026.9,2929.5,239.2,65.4,-200
0.385937,605.5,255.4,2188.8,586.5,3092.4,567.0,555.9,2029.5,2932.6,239.9,65.2,-213.4
0.387937,607.9,273.0,2107.6,688.5,3108.1,535.2,555,2032,2935.7,240.6,64.8,-215
0.389937,610.9,293.8,2057.2,641.7,3104.3,512.3,554,2034.5,2938.7,241.5,64.3,-210
0.391937,624.6,287.2,2076.9,521.2,3073.1,498.6,553,2036.9,2941.6,242.5,63.8,-203.3
0.393937,639.5,245.8,2117.3,370.1,3067.0,466.4,552,2039.2,2944.4,243.6,63.2,-200
0.395937,642.4,199.3,2141.2,238.9,3108.8,422.7,551,2041.5,2947.2,244.7,62.7,-200
0.397937,636.5,170.8,2144.1,167.0,3169.8,391.8,550,2043.7,2949.9,246,62.2,-200
0.399937,627.2,162.0,2136.4,138.0,3225.3,390.7,548.9,2045.9,2952.4,247.4,61.7,-200
0.401937,614.5,180.0,2124.2,142.1,3260.0,438.5,547.9,2048,2954.9,249,61.1,-200
0.403937,592.7,238.6,2108.8,178.5,3261.2,548.3,546.8,2050,2957.3,250.6,60.4,-200
0.405937,542.1,354.2,2085.9,244.4,3211.6,688.3,545.8,2052,2959.6,252.3,59.7,-200
0.407937,454.0,453.3,2059.2,277.7,3154.7,717.1,544.7,2053.9,2961.8,254.1,59,-200
0.409937,396.2,475.5,2051.2,250.5,3155.5,678.9,543.7,2055.7,2963.9,0,58.4,-200
0.411937,387.4,502.6,2057.9,226.7,3168.9,677.7,542.6,2057.5,2965.9,0,57.8,-200
0.413937,369.6,511.1,2063.8,235.5,3158.5,681.6,541.5,2059.2,2967.8,0,57.4,-200
0.415937,335.3,435.2,2061.1,287.0,3123.5,625.7,540.4,2060.8,2969.6,0,57,-200
0.417937,329.0,324.5,2047.8,411.0,3086.9,609.5,539.3,2062.4,2971.3,0,56.5,-200
0.419937,348.5,272.2,2009.4,554.1,2998.2,627.2,538.2,2063.9,2972.9,0,56,-200
0.421937,383.2,265.7,2001.8,611.1,2928.9,546.5,537.1,2065.3,2974.3,0,55.5,-200
0.423937,423.4,273.1,2019.5,650.9,2903.3,495.4,536,2066.6,2975.7,0,54.9,-200
0.425937,462.7,296.0,2020.4,699.9,2883.2,480.9,534.9,2067.9,2976.9,0,54.7,-200
0.427937,496.3,366.2,2002.9,752.3,2852.1,505.2,533.7,2069.1,2978.1,0,54.8,-200
0.429937,534.4,564.4,2055.3,781.0,2806.0,624.3,532.6,2070.2,2979.1,0,55.5,-200
0.431937,608.1,893.4,2184.1,626.6,2851.9,760.9,531.5,2071.2,2979.9,0,56.9,-200
0.433937,692.3,847.6,2187.1,427.8,2880.9,638.3,530.4,2072.2,2980.7,0,58.6,-200
0.435937,693.5,619.3,2161.3,320.8,2860.9,524.2,529.3,2073,2981.3,0,60.4,-203.3
0.437937,666.9,461.5,2139.2,252.1,2848.8,440.0,528.1,2073.8,2981.9,282.4,62.3,-209.8
0.439937,627.1,358.6,2119.7,207.7,2852.1,379.9,527,2074.5,2982.3,283.7,64.4,-214.7
0.441937,572.9,272.5,2099.8,179.9,2869.3,338.5,525.9,2075.2,2982.5,284.9,66.4,-213.1
0.443937,516.9,178.8,2079.0,167.5,2899.9,316.3,524.8,2075.7,2982.7,285.8,68.4,-200
0.445937,485.3,111.8,2060.5,187.9,2956.5,328.3,523.6,2076.2,2982.7,286.7,70.1,-168.9
0.447937,483.9,104.5,2058.8,232.0,3039.0,319.9,522.5,2076.6,2982.6,287.3,71.5,-123.2
0.449937,500.8,122.9,2042.7,246.9,3085.7,273.6,521.4,2076.9,2982.3,287.8,72.6,-72.5
0.451937,514.8,129.5,1990.7,260.9,3087.5,234.4,520.3,2077.1,2981.9,288.2,73.3,-26.7
0.453937,517.3,127.3,1934.0,254.0,3066.9,195.4,519.1,2077.2,2981.4,288.4,73.6,4.3
0.455937,512.3,120.8,1897.5,231.2,3043.5,176.6,518,2077.3,2980.8,288.5,73.5,17.3
0.457937,503.2,112.9,1881.4,216.6,3023.0,191.3,516.9,2077.3,2980,288.4,73.1,18.9
0.459937,491.1,106.4,1873.1,213.1,3002.7,243.4,515.8,2077.2,2979.1,288.2,72.3,13.9
0.461937,477.3,103.8,1867.8,216.6,2980.1,332.5,514.7,2076.9,2978,287.9,71.3,7.2
0.463937,462.5,106.4,1868.4,233.1,2964.9,436.7,513.6,2076.7,2976.8,287.4,70.1,3.8
0.465937,444.0,113.7,1883.8,290.8,2991.8,574.2,512.5,2076.3,2975.5,286.9,69.2,3.6
0.467937,421.3,124.2,1938.0,382.5,3060.9,900.7,511.4,2075.8,2974.1,286.3,68.8,3.3
0.469937,398.2,133.7,1997.3,374.6,2952.3,1365.1,510.3,2075.3,2972.5,285.6,69.1,3.1
0.471937,383.9,140.6,1998.3,324.6,2824.9,1263.5,509.2,2074.7,2970.8,284.8,70,3
0.473937,385.4,140.4,1977.2,307.2,2770.6,1162.5,508.1,2074,2968.9,283.9,71.3,3
0.475937,405.6,131.8,1942.0,315.9,2729.9,1118.8,507.1,2073.2,2966.9,283,72.8,3.2
0.477937,441.6,117.1,1897.6,321.7,2699.8,1067.3,506,2072.3,2964.8,282,74.2,3.5
0.479937,485.9,94.8,1861.1,294.5,2694.9,987.1,504.9,2071.3,2962.5,281,75.7,3.9
0.481937,525.0,71.9,1848.8,245.2,2736.8,929.4,503.9,2070.3,2960.1,280,77.1,4.5
0.483937,550.1,56.1,1854.9,200.7,2863.7,851.9,502.8,2069.1,2957.5,278.9,78.5,5.2
0.485937,562.9,46.4,1865.6,167.3,2934.3,592.1,501.8,2067.9,2954.9,277.8,79.7,6.1
0.487937,567.1,41.2,1873.0,140.7,2929.3,477.7,500.8,2066.6,2952,276.7,80.7,7.2
0.489937,567.4,39.4,1876.0,115.2,2905.4,413.4,499.7,2065.2,2949.1,275.5,81.5,8.5
0.491937,565.4,39.6,1875.1,95.3,2881.9,360.2,498.7,2063.8,2946,274.3,82.2,9.8
0.493937,562.0,40.5,1871.3,83.3,2866.3,322.4,497.7,2062.2,2942.8,273.2,82.6,10.9
0.495937,557.6,41.3,1865.1,77.7,2853.7,295.3,496.7,2060.6,2939.5,272,82.9,11.9
0.497937,553.4,42.3,1857.5,76.9,2839.0,276.5,495.7,2058.9,2936,270.8,83,12.9
0.499937,549.9,44.2,1849.4,79.8,2817.3,270.4,494.7,2057.1,2932.4,269.6,83,13.9
0.501937,547.6,47.6,1842.5,85.3,2787.0,279.8,493.7,2055.2,2928.6,268.5,82.9,14.8
0.503937,546.7,52.6,1837.8,91.7,2752.3,296.6,492.8,2053.3,2924.8,267.3,82.6,15.6
0.505937,547.0,59.6,1834.6,98.1,2721.8,307.9,491.8,2051.2,2920.8,266.1,82.3,16.2
0.507937,548.3,67.8,1832.5,104.8,2703.6,307.1,490.9,2049.1,2916.6,265,81.9,16.8
0.509937,550.5,76.4,1830.8,113.6,2694.5,298.9,489.9,2046.9,2912.4,263.8,81.5,17.3
0.511937,552.8,83.2,1829.4,124.5,2693.2,288.6,489,2044.7,2908,262.7,81.2,17.6
0.513937,554.2,86.0,1828.0,135.0,2699.9,276.9,488.1,2042.4,2903.5,261.6,80.9,17.9
0.515937,553.5,85.0,1824.9,141.7,2710.9,262.9,487.1,2039.9,2898.9,260.5,80.6,18.2
0.517937,550.2,81.5,1818.8,142.3,2717.6,253.1,486.2,2037.5,2894.2,259.4,80.4,18.5
0.519937,545.1,77.6,1810.8,136.5,2716.0,253.6,485.3,2034.9,2889.3,258.3,80.2,18.7
0.521937,539.4,75.1,1802.9,126.4,2706.2,268.3,484.5,2032.3,2884.4,257.3,80,18.6
0.523937,534.3,74.7,1795.7,116.3,2691.5,299.3,483.6,2029.6,2879.3,256.3,79.8,18.1
0.525937,530.1,76.6,1788.4,109.4,2676.5,345.0,482.7,2026.8,2874.1,255.3,79.5,17
0.527937,527.0,80.5,1782.1,107.2,2665.9,385.0,481.8,2024,2868.8,254.3,79.1,15.4
0.529937,524.8,86.3,1777.5,109.3,2660.0,397.4,481,2021.1,2863.4,253.4,78.6,13.7
0.531937,523.5,93.5,1775.4,115.7,2660.3,375.6,480.2,2018.1,2857.9,252.5,78,12.1
0.533937,522.4,100.5,1776.6,128.7,2666.6,341.2,479.3,2015.1,2852.3,251.6,77.2,11
0.535937,519.6,103.4,1780.3,154.0,2672.2,322.8,478.5,2012,2846.5,250.8,76.3,10.6
0.537937,513.4,98.3,1780.6,191.2,2666.0,344.5,477.7,2008.9,2840.7,250,75.4,10.7
0.539937,504.8,85.8,1767.7,227.1,2634.3,422.3,476.9,2005.7,2834.8,249.2,74.3,11
0.541937,496.8,72.2,1739.7,240.8,2539.8,543.1,476.1,2002.4,2828.8,248.5,73.2,11.3
0.543937,490.6,63.7,1706.8,235.8,2406.1,529.3,475.3,1999.1,2822.7,247.8,72.2,11.6
0.545937,484.7,63.0,1678.5,224.3,2352.8,447.0,474.6,1995.7,2816.5,247.2,71.3,11.6
0.547937,477.4,69.7,1663.7,213.1,2367.9,399.9,473.8,1992.3,2810.2,246.6,70.6,11.6
0.549937,468.3,81.7,1665.7,205.4,2421.1,378.8,473.1,1988.8,2803.8,246,70.2,11.6
0.551937,460.9,93.9,1681.8,199.5,2497.3,338.7,472.3,1985.2,2797.4,245.5,70.1,11.7
0.553937,458.0,98.7,1700.5,190.4,2559.6,262.7,471.6,1981.6,2790.9,245,70.3,11.9
0.555937,457.0,93.5,1713.1,185.1,2600.7,209.0,470.9,1978,2784.2,244.5,70.6,12.5
0.557937,454.5,84.9,1723.1,192.2,2624.3,190.5,470.1,1974.3,2777.6,244.1,71,13.2
0.559937,450.0,79.3,1740.6,205.6,2633.7,193.1,469.4,1970.6,2770.8,243.8,71.3,14
0.561937,444.3,77.9,1768.8,212.4,2633.6,203.7,468.7,1966.8,2764,243.4,71.6,14.9
0.563937,438.6,78.2,1800.9,205.6,2627.9,210.5,468,1963,2757.1,243.1,71.8,15.6
0.565937,435.9,77.1,1826.7,191.7,2617.5,212.8,467.4,1959.2,2750.2,242.8,72.1,16.3
0.567937,438.2,73.2,1840.4,186.1,2604.9,222.0,466.7,1955.3,2743.1,242.6,72.3,17
0.569937,443.5,67.1,1848.5,189.3,2591.7,241.3,466,1951.3,2736.1,242.4,72.6,17.6
0.571937,448.5,60.8,1857.2,190.6,2580.0,255.6,465.4,1947.4,2729,242.1,73,18.2
0.573937,451.7,55.4,1869.5,184.1,2573.2,249.4,464.7,1943.4,2721.8,241.9,73.4,18.7
0.575937,452.6,50.8,1884.6,176.1,2572.2,229.1,464.1,1939.4,2714.6,241.8,73.8,19.2
0.577937,452.7,46.4,1903.3,171.5,2573.0,206.9,463.5,1935.3,2707.3,241.6,74.2,19.6
0.579937,453.3,42.4,1924.3,170.2,2572.1,188.7,462.8,1931.2,2700,241.4,74.6,19.9
0.581937,455.2,39.2,1945.8,171.7,2568.3,175.4,462.2,1927.1,2692.6,241.2,75,20.2
0.583937,458.7,37.3,1969.9,176.0,2563.8,165.6,461.6,1923,2685.3,241.1,75.4,20.5
0.585938,462.8,36.7,1997.6,179.0,2563.4,158.6,461,1918.9,2677.9,240.9,75.7,20.7
0.587938,466.8,36.9,2029.3,175.8,2569.6,151.4,460.4,1914.7,2670.4,240.7,76.1,20.8
0.589938,470.2,37.5,2060.9,165.8,2580.8,142.1,459.8,1910.5,2663,240.5,76.4,20.9
0.591938,472.8,38.0,2091.0,152.9,2593.8,131.7,459.3,1906.3,2655.5,240.3,76.6,21
0.593938,474.5,38.1,2122.9,138.9,2607.7,121.8,458.7,1902.1,2648,240.1,76.8,21.1
0.595938,475.2,37.3,2153.0,125.9,2621.4,113.2,458.1,1897.9,2640.5,239.9,77,21.1
0.597938,475.2,35.6,2177.5,118.2,2633.6,106.9,457.6,1893.7,2632.9,239.6,77.1,21.1
0.599938,474.7,33.5,2194.0,120.9,2642.0,106.5,457,1889.4,2625.4,239.4,77.2,21.1
0.601938,474.0,31.4,2204.7,133.9,2646.3,114.3,456.5,1885.2,2617.8,239.1,77.3,21.1
0.603937,473.1,29.5,2213.7,153.2,2648.3,130.9,455.9,1880.9,2610.3,238.8,77.5,21.2
0.605937,471.8,27.9,2223.7,173.9,2651.2,157.7,455.4,1876.7,2602.8,238.5,77.6,21.4
0.607937,470.6,26.8,2233.0,187.1,2656.8,189.3,454.8,1872.4,2595.2,238.2,77.7,21.6
0.609937,469.5,26.1,2238.5,188.9,2665.1,219.0,454.3,1868.2,2587.7,237.9,77.8,21.8
0.611937,468.5,25.7,2238.3,181.2,2672.5,239.4,453.8,1863.9,2580.2,237.5,77.8,22.1
0.613937,467.5,25.6,2235.0,170.6,2675.5,249.1,453.3,1859.7,2572.7,237.2,77.8,22.2
0.615937,466.5,25.6,2231.5,160.7,2673.6,248.8,452.8,1855.5,2565.2,236.8,77.8,22.4
0.617937,465.4,25.6,2229.0,153.2,2668.6,238.8,452.3,1851.2,2557.7,236.4,77.8,22.6
0.619937,464.2,25.5,2225.2,148.3,2660.5,222.5,451.8,1847,2550.3,236,77.8,22.8
0.621937,462.7,25.3,2216.6,147.0,2646.8,204.6,451.3,1842.9,2542.9,235.6,77.8,22.9
0.623937,461.0,25.0,2200.9,148.5,2626.2,187.5,450.8,1838.7,2535.5,235.2,77.7,22.7
0.625937,458.9,24.6,2178.5,149.3,2600.5,170.2,450.3,1834.5,2528.2,234.9,77.6,22.3
0.627937,456.5,24.2,2154.2,146.3,2576.8,153.8,449.8,1830.4,2520.9,234.5,77.6,21.6
0.629937,453.8,24.1,2129.6,138.8,2557.6,139.7,449.3,1826.3,2513.6,234.1,77.4,20.8
0.631937,451.2,24.6,2107.1,128.9,2544.4,130.7,448.8,1822.2,2506.4,233.7,77.3,20.1
0.633937,448.5,26.3,2087.6,119.9,2535.7,128.9,448.3,1818.1,2499.3,233.3,77,19.6
0.635937,445.6,29.4,2069.3,115.8,2527.4,135.7,447.9,1814.1,2492.2,233,76.8,19.4
0.637937,442.2,33.2,2051.3,121.2,2516.4,151.3,447.4,1810.1,2485.1,232.6,76.5,19.3
0.639937,438.1,37.1,2031.0,138.1,2503.7,174.2,446.9,1806.1,2478.1,232.3,76.2,19.4
0.641937,433.5,41.0,2006.6,164.4,2495.2,197.4,446.4,1802.1,2471.2,232,75.9,19.5
0.643937,428.1,44.6,1975.1,195.9,2494.3,208.6,446,1798.2,2464.3,231.7,75.7,19.7
0.645937,421.9,47.3,1931.4,225.8,2496.8,192.1,445.5,1794.4,2457.5,231.4,75.5,19.8
0.647937,416.0,48.8,1885.9,239.0,2497.8,156.5,445,1790.5,2450.8,231.2,75.4,20.1
0.649937,411.5,49.8,1852.0,235.7,2497.7,125.0,444.6,1786.7,2444.1,231,75.4,20.4
0.651937,409.5,51.1,1837.6,224.9,2497.3,106.7,444.1,1783,2437.5,230.8,75.5,20.7
0.653937,410.1,52.5,1838.6,213.2,2496.2,98.8,443.7,1779.3,2431,230.6,75.7,21.1
0.655937,412.6,53.1,1845.6,203.5,2494.1,98.2,443.2,1775.6,2424.6,230.5,76,21.6
0.657937,416.0,52.2,1850.6,198.1,2491.4,103.6,442.7,1772,2418.3,230.4,76.3,22.1
0.659937,419.7,49.8,1851.3,196.4,2487.7,113.8,442.3,1768.5,2412,230.3,76.6,22.6
0.661937,423.0,46.4,1848.3,196.6,2483.2,126.8,441.8,1764.9,2405.8,230.2,76.9,23.1
0.663937,425.8,42.9,1845.3,194.7,2480.5,138.2,441.4,1761.5,2399.8,230.2,77.2,23.5
0.665937,428.5,39.9,1846.5,189.7,2483.1,145.5,440.9,1758.1,2393.8,230.1,77.5,23.8
0.667937,431.0,37.9,1852.4,185.0,2491.3,148.9,440.5,1754.7,2387.9,230.1,77.8,24
0.669937,433.5,36.3,1859.1,183.4,2501.0,151.2,440,1751.4,2382.2,230.2,78.2,24.1
0.671937,435.7,34.5,1862.8,186.0,2507.7,154.6,439.5,1748.2,2376.5,230.2,78.6,24.2
0.673937,437.7,32.6,1861.8,191.4,2509.2,160.0,439.1,1745,2370.9,230.2,78.9,24.4
0.675937,439.6,30.4,1856.9,196.4,2505.9,165.9,438.6,1741.9,2365.5,230.3,79.2,24.8
0.677937,441.3,28.3,1851.3,197.7,2500.2,170.2,438.2,1738.9,2360.2,230.4,79.6,25.2
0.679937,442.9,26.4,1847.6,195.5,2494.3,173.2,437.7,1735.9,2354.9,230.4,79.8,25.6
0.681937,444.5,24.8,1846.1,191.7,2488.9,175.6,437.3,1733,2349.8,230.5,80.1,26.1
0.683937,446.1,23.2,1845.0,187.5,2484.2,176.9,436.8,1730.1,2344.8,230.6,80.3,26.4
0.685937,447.5,22.0,1843.3,182.7,2481.7,175.5,436.4,1727.4,2339.9,230.7,80.6,26.6
0.687937,449.1,21.1,1842.1,176.1,2482.9,171.0,435.9,1724.7,2335.2,230.8,80.8,26.8
0.689937,450.8,20.5,1842.8,167.1,2487.8,165.3,435.4,1722,2330.6,230.9,81.1,26.9
0.691937,452.4,20.0,1844.8,157.1,2493.8,161.7,435,1719.4,2326.1,230.9,81.4,27
0.693937,453.8,19.2,1845.2,148.1,2497.6,164.6,434.5,1717,2321.7,231,81.6,27.1
0.695937,454.8,18.3,1842.3,142.1,2497.3,177.1,434.1,1714.5,2317.4,231.1,81.9,27.4
0.697937,455.7,17.6,1837.3,138.0,2494.1,199.2,433.6,1712.2,2313.3,231.1,82.1,27.9
0.699937,456.6,17.1,1833.1,134.7,2489.4,228.1,433.2,1709.9,2309.3,231.1,82.4,28.4
0.701937,457.6,16.9,1830.6,133.2,2482.6,261.2,432.7,1707.7,2305.5,231.2,82.6,28.3
0.703937,458.9,16.8,1828.6,134.9,2471.7,297.0,432.2,1705.6,2301.7,231.2,82.8,27.5
0.705937,460.9,16.8,1826.0,140.0,2460.4,327.2,431.8,1703.6,2298.2,231.2,82.9,25.6
0.707937,464.1,16.9,1821.9,146.7,2455.9,348.1,431.3,1701.6,2294.7,231.1,83,22.7
0.709937,468.5,17.8,1815.9,151.6,2462.7,357.1,430.9,1699.8,2291.4,231.1,83.1,19.5
0.711938,473.3,19.7,1807.7,152.0,2477.9,355.1,430.4,1698,2288.2,231.1,83.1,16.4
0.713938,477.6,23.3,1797.8,147.6,2496.6,346.3,430,1696.3,2285.2,231,83,14.2
0.715938,480.0,29.0,1788.3,141.4,2514.9,336.2,429.5,1694.7,2282.3,231,82.8,12.7
0.717938,480.4,37.2,1778.9,135.6,2533.3,328.3,429,1693.1,2279.6,230.9,82.5,11.6
0.719938,479.2,48.2,1767.3,132.5,2550.6,329.6,428.6,1691.7,2277,230.8,82.1,10.8
0.721938,476.2,60.7,1750.3,134.0,2566.9,354.2,428.1,1690.3,2274.6,230.7,81.7,10.5
0.723938,470.5,71.5,1725.4,140.9,2587.6,418.6,427.7,1689,2272.3,230.6,81.3,10.4
0.725938,462.5,76.8,1697.5,146.7,2595.9,2706.3,427.2,1687.8,2270.1,230.6,80.9,11
0.727938,452.9,77.5,1671.0,144.0,2553.5,2037.2,426.7,1686.7,2268.1,230.5,80.5,12.3
0.729937,441.7,75.0,1649.4,136.1,2510.1,808.5,426.3,1685.7,2266.2,230.4,80.2,13.7
0.731937,428.8,69.8,1631.7,129.6,2346.4,684.4,425.8,1684.8,2264.5,230.3,80,14.9
0.733937,414.6,62.3,1616.0,126.1,2256.9,512.3,425.4,1684,2262.9,230.3,79.9,15.5
0.735937,401.1,53.2,1601.8,126.9,2208.9,371.3,424.9,1683.2,2261.5,230.2,79.8,15
0.737937,392.3,46.7,1591.2,141.3,2193.6,287.8,424.5,1682.5,2260.3,230.1,79.9,13.7
0.739937,388.4,46.0,1584.5,187.7,2197.6,250.4,424,1682,2259.1,230,79.9,12.2
0.741937,388.1,52.6,1585.0,286.6,2210.0,242.1,423.6,1681.5,2258.2,230,80,11.2
0.743937,389.4,65.1,1600.8,439.8,2222.1,248.0,423.1,1681.1,2257.3,229.9,80.1,11.4
0.745937,390.8,80.3,1645.4,619.4,2230.5,259.6,422.7,1680.8,2256.7,229.8,80.1,13.1
0.747937,391.4,93.2,1719.9,743.6,2233.7,269.7,422.2,1680.6,2256.2,229.8,80.1,15.9
0.749937,390.7,102.6,1793.2,753.3,2236.4,276.5,421.8,1680.5,2255.8,229.7,80.1,19.2
0.751937,387.4,107.6,1821.6,678.0,2247.9,281.4,421.4,1680.4,2255.6,229.6,80.1,22.3
0.753937,381.8,109.7,1810.2,585.0,2271.1,280.2,420.9,1680.5,2255.5,229.5,80,24.4
0.755937,376.0,112.0,1783.7,500.1,2299.9,268.5,420.5,1680.6,2255.5,229.4,79.9,25.3
0.757937,371.9,115.7,1761.0,436.8,2323.5,252.1,420.1,1680.9,2255.8,229.3,79.8,25.6
0.759937,368.9,119.9,1746.9,401.8,2337.9,244.5,419.6,1681.2,2256.1,229.2,79.7,25.5
0.761937,366.2,123.0,1742.9,398.9,2342.2,256.3,419.2,1681.6,2256.6,229.1,79.6,25.2
0.763937,363.7,124.7,1748.2,416.3,2338.6,285.9,418.8,1682.1,2257.3,229,79.5,25.1
0.765937,361.7,125.9,1756.1,427.3,2333.3,319.8,418.4,1682.7,2258.1,228.8,79.4,25.2
0.767937,360.1,126.9,1754.7,409.5,2333.1,333.6,418,1683.4,2259,228.7,79.3,25.2
0.769937,357.8,128.0,1742.8,375.0,2334.8,325.2,417.6,1684.2,2260.1,228.5,79.2,25.2
0.771937,353.2,129.4,1728.6,346.9,2332.9,310.9,417.2,1685,2261.4,228.3,79.1,25.1
0.773937,345.6,130.8,1716.9,332.8,2330.1,300.8,416.8,1686,2262.7,228.2,78.9,24.8
0.775937,335.4,131.0,1706.9,326.8,2332.6,291.2,416.4,1687,2264.2,228,78.8,24.3
0.777937,324.6,128.7,1695.9,321.9,2340.8,278.0,416,1688.1,2265.9,227.9,78.6,23.5
0.779937,313.5,123.6,1680.4,314.1,2350.2,263.3,415.6,1689.3,2267.7,227.7,78.4,22.6
0.781937,302.6,116.5,1661.8,303.2,2360.1,254.1,415.3,1690.6,2269.6,227.5,78.1,21.8
0.783937,291.8,108.2,1647.9,297.0,2375.4,258.2,414.9,1692,2271.6,227.4,77.7,21.3
0.785937,280.6,97.8,1647.6,309.4,2401.4,282.5,414.5,1693.5,2273.8,227.2,77.3,21.3
0.787937,270.4,86.9,1664.0,345.7,2431.5,322.0,414.2,1695,2276.1,227.1,76.8,21.7
0.789937,261.1,75.9,1690.2,406.4,2451.8,371.7,413.9,1696.6,2278.6,226.9,76.2,22.1
0.791937,252.4,64.3,1706.7,510.3,2441.9,434.3,413.5,1698.3,2281.2,226.7,75.5,22.4
0.793937,244.4,52.8,1673.0,690.1,2385.1,478.8,413.2,1700.1,2283.9,226.6,74.9,22.3
0.795937,239.3,44.8,1570.4,802.5,2330.7,445.6,412.9,1702,2286.7,226.4,74.2,25.2
0.797937,237.3,40.3,1509.6,811.3,2311.9,424.6,412.6,1704,2289.6,226.2,73.5,31.2
0.799937,238.5,38.5,1520.2,885.3,2301.8,473.0,412.3,1706,2292.7,225.9,72.8,35.3
0.801937,242.0,38.3,1594.3,1119.2,2264.8,609.8,412,1708.1,2295.9,225.6,72.2,32.5
0.803937,246.4,38.8,1534.2,1693.7,2144.3,657.4,411.7,1710.3,2299.2,225.3,71.7,17.9
0.805937,249.6,38.4,1243.8,1416.5,2135.7,525.2,411.4,1712.5,2302.6,224.9,71.1,-15.5
0.807937,251.3,36.8,1162.9,1030.1,2166.6,438.3,411.2,1714.9,2306.2,224.5,70.6,-64.3
0.809937,251.5,35.2,1151.1,829.8,2189.1,387.3,410.9,1717.3,2309.8,224,70,-118.3
0.811937,249.8,34.1,1164.8,750.3,2203.7,366.2,410.7,1719.8,2313.6,223.4,69.4,-166.9
0.813937,246.1,33.8,1186.9,739.8,2221.3,363.0,410.5,1722.3,2317.5,222.8,68.6,-200
0.815937,242.0,34.7,1198.4,769.7,2249.3,362.3,410.2,1724.9,2321.4,222,67.8,-213.9
0.817937,239.7,37.1,1188.5,819.5,2282.7,357.3,410,1727.6,2325.5,221.2,67,-215.7
0.819937,239.4,39.6,1173.4,881.4,2306.6,363.5,409.8,1730.4,2329.7,220.3,66.3,-210.5
0.821937,239.7,40.6,1183.7,980.8,2312.5,400.9,409.7,1733.2,2334,219.2,65.7,-203.5
0.823937,239.7,40.9,1297.9,1244.9,2297.1,496.9,409.5,1736.1,2338.3,218.1,65.2,-200
0.825937,238.8,40.1,2001.5,1247.8,2212.4,884.8,409.3,1739.1,2342.8,216.9,64.8,-203.2
0.827937,237.5,41.3,1888.9,383.9,2529.4,681.9,409.2,1742.1,2347.4,215.6,64.5,-209.6
0.829937,242.2,84.6,1865.5,226.9,2527.7,469.1,409.1,1745.2,2352,214.2,64.4,-214.5
0.831937,253.9,245.8,1859.3,201.4,2534.8,457.5,409,1748.3,2356.7,212.7,64.4,-212.9
0.833937,265.2,560.5,1854.9,213.4,2553.0,512.8,408.9,1751.5,2361.6,211.2,64.7,-200
0.835938,382.5,700.7,1845.0,219.6,2557.5,556.2,408.8,1754.8,2366.5,0,65.5,-169.4
0.837938,523.6,539.0,1825.9,213.8,2535.6,573.7,408.7,1758.1,2371.4,0,66.9,-124.4
0.839938,586.6,344.5,1797.0,213.8,2496.8,584.0,408.7,1761.5,2376.5,0,68.8,-74.5
0.841938,609.6,211.0,1744.5,237.4,2436.4,595.9,408.6,1764.9,2381.6,0,70.8,-29.5
0.843938,616.5,131.9,1636.1,252.2,2355.8,539.1,408.6,1768.4,2386.8,0,72.8,1
0.845938,616.3,88.2,1538.2,195.4,2317.4,446.3,408.6,1771.9,2392.1,0,74.5,13.6
0.847938,615.7,67.8,1500.3,144.5,2300.5,376.1,408.6,1775.5,2397.5,199.5,76,14.8
0.849938,614.1,60.5,1491.4,116.7,2282.4,319.8,408.6,1779.2,2402.9,197.8,77.1,9.6
0.851938,611.5,60.2,1493.2,98.8,2267.7,277.5,408.7,1782.8,2408.3,196.1,78.1,3
0.853938,608.7,65.2,1501.3,85.6,2258.3,254.4,408.7,1786.6,2413.9,194.5,78.8,0.1
0.855938,607.6,71.4,1513.1,76.8,2253.3,252.4,408.8,1790.3,2419.4,193,79.5,1
0.857938,609.2,74.6,1526.2,70.7,2250.1,261.0,408.9,1794.2,2425.1,191.5,80,2.3
0.859937,613.3,74.2,1539.2,66.9,2248.6,265.5,409,1798,2430.8,190.1,80.4,3.9
0.861937,619.2,73.6,1552.6,65.5,2251.6,255.2,409.1,1801.9,2436.5,188.8,80.8,5.4
0.863937,626.7,75.4,1568.5,66.1,2260.5,231.8,409.3,1805.9,2442.3,187.5,81,6.7
0.865937,634.6,78.9,1587.3,66.5,2272.5,205.5,409.4,1809.8,2448.1,186.3,81.3,7.9
0.867937,640.9,81.0,1604.0,64.3,2280.8,185.6,409.6,1813.9,2454,185.1,81.4,8.9
0.869937,645.9,80.5,1616.4,60.2,2283.5,170.6,409.8,1817.9,2459.9,184.1,81.6,9.9
0.871937,650.3,76.7,1624.4,56.6,2281.6,158.0,410,1822,2465.8,183.1,81.7,10.8
0.873937,654.2,71.0,1630.3,55.3,2277.8,146.8,410.3,1826.1,2471.8,182.2,81.8,11.4
0.875937,657.3,66.3,1637.7,57.3,2273.8,137.4,410.5,1830.2,2477.8,181.3,81.8,11.7
0.877937,658.5,65.3,1648.4,61.8,2271.6,131.7,410.8,1834.4,2483.8,180.6,81.8,11.7
0.879937,657.5,67.5,1663.1,68.0,2272.8,130.9,411.1,1838.6,2489.9,179.8,81.8,11.7
0.881937,655.0,71.0,1681.4,75.7,2278.7,135.8,411.4,1842.8,2496,179.2,81.7,11.6
0.883937,651.3,73.0,1702.1,84.5,2289.1,146.2,411.8,1847.1,2502.1,178.6,81.6,11.7
0.885937,646.1,72.1,1724.4,95.0,2301.2,162.8,412.1,1851.3,2508.2,178,81.4,12.2
0.887937,639.9,70.1,1745.6,107.7,2310.7,183.9,412.5,1855.6,2514.3,177.5,81.3,12.8
0.889937,632.7,69.1,1767.3,123.2,2317.3,206.1,412.9,1859.9,2520.5,177,81.2,13.5
0.891937,624.8,70.1,1791.3,140.3,2323.3,222.9,413.3,1864.3,2526.6,176.6,81,13.9
0.893937,615.4,73.0,1820.3,155.0,2332.7,234.0,413.8,1868.6,2532.8,176.2,80.9,14
0.895937,602.8,75.7,1854.4,162.1,2348.7,246.1,414.2,1873,2539,175.9,80.7,13.5
0.897937,587.6,76.5,1885.4,158.3,2367.4,256.5,414.7,1877.3,2545.1,175.6,80.5,12.6
0.899937,569.9,76.0,1909.3,147.4,2381.0,258.4,415.2,1881.7,2551.3,175.3,80.3,11.6
0.901937,551.3,73.0,1924.7,139.6,2385.7,260.0,415.7,1886.1,2557.5,175.1,80.1,10.5
0.903937,533.6,66.5,1934.8,144.1,2386.0,285.7,416.2,1890.5,2563.6,174.9,79.9,9.7
0.905937,519.0,56.8,1943.7,168.8,2390.4,432.1,416.8,1894.9,2569.8,174.7,79.8,9.1
0.907937,510.7,47.7,1953.6,217.5,2209.6,502.8,417.4,1899.4,2576,174.6,79.6,8.7
0.909937,506.7,41.2,1966.8,294.5,2133.5,389.7,418,1903.8,2582.1,174.5,79.3,8.3
0.911937,503.7,37.7,1980.0,394.7,2103.1,295.8,418.6,1908.2,2588.2,174.4,79,8
0.913937,500.5,36.1,1994.5,481.9,2094.1,243.1,419.2,1912.7,2594.3,174.4,78.5,7.5
0.915937,496.7,35.6,2013.3,557.5,2088.3,213.8,419.9,1917.1,2600.4,174.4,77.8,10.3
0.917937,492.4,37.2,2024.9,625.3,2084.5,198.4,420.6,1921.5,2606.5,174.4,77,16.2
0.919937,487.9,42.3,2037.1,725.9,2078.5,188.4,421.3,1926,2612.6,174.5,75.9,20.5
0.921937,486.4,54.1,2065.6,947.6,2068.1,173.1,422,1930.4,2618.6,174.5,74.6,18.4
0.923937,493.7,78.9,2057.1,156.8,2135.6,1445.5,422.7,1934.8,2624.6,174.6,73.1,4.9
0.925937,517.1,129.7,2046.0,156.0,2530.3,2763.2,423.5,1939.3,2630.6,174.7,71.5,-29.8
0.927937,556.5,212.1,2034.7,182.8,2667.4,225.5,424.3,1943.7,2636.5,174.9,70,-82.5
0.929937,603.4,319.4,2021.5,244.6,2651.3,246.1,425.1,1948.1,2642.5,175,68.8,-138.4
0.931937,624.3,410.5,2009.1,341.8,2630.2,251.0,425.9,1952.5,2648.4,175.2,68.3,-182.5
0.933937,568.0,476.8,2021.0,446.1,2613.5,282.4,426.7,1956.9,2654.2,175.3,68.4,-200
0.935937,473.3,398.0,2053.5,482.0,2596.6,361.7,427.6,1961.3,2660,175.5,68.9,-180.7
0.937937,436.7,271.5,2053.9,440.8,2569.9,407.0,428.5,1965.6,2665.8,175.6,69.5,-134.6
0.939937,421.4,194.7,2032.7,392.9,2568.3,392.8,429.4,1970,2671.5,175.8,70.2,-76.8
0.941937,409.3,147.7,2009.9,388.5,2603.5,390.7,430.3,1974.3,2677.2,175.9,71,-22.5
0.943937,400.2,112.8,1989.5,417.1,2666.8,375.7,431.2,1978.6,2682.9,176.1,71.7,13.3
0.945937,394.4,89.3,1993.1,452.6,2725.0,320.0,432.2,1983,2688.5,176.2,72.6,27.1
0.947937,389.7,74.4,2046.3,464.0,2765.1,264.6,433.1,1987.2,2694.1,176.3,73.5,29
0.949937,385.7,64.2,2127.7,423.7,2798.5,233.6,434.1,1991.5,2699.6,176.4,74.5,24.1
0.951937,382.8,55.0,1244.7,4457.8,2205.0,369.3,435.1,1995.8,2705.1,176.5,75.4,17.4
0.953937,382.3,46.8,1453.3,2411.4,2270.7,290.4,436.2,2000,2710.5,176.6,76.3,14
0.955937,384.3,41.7,1387.0,1883.4,2300.4,211.5,437.2,2004.2,2715.8,176.7,77.1,13.7
0.957937,386.9,39.9,1303.2,1808.9,2311.2,160.5,438.2,2008.4,2721.2,176.7,77.6,13.1
0.959937,388.7,41.2,1197.6,2008.3,2318.8,131.3,439.3,2012.6,2726.4,176.8,78.1,12.6
0.961938,388.8,43.9,1049.7,2417.4,2328.2,114.5,440.4,2016.7,2731.6,176.8,78.3,12.4
0.963938,387.2,45.9,815.4,2990.4,2338.6,106.0,441.5,2020.8,2736.8,176.9,78.5,12.8
0.965938,385.2,45.8,2347.1,103.9,3013.4,220.0,442.6,2024.9,2741.9,176.9,78.5,14.2
0.967938,384.0,44.9,2352.7,105.2,2996.5,275.0,443.8,2029,2746.9,176.9,78.5,16.3
0.969938,383.9,44.5,2355.5,107.5,2973.7,320.0,444.9,2033,2751.9,177,78.5,18.8
0.971938,383.6,44.0,2357.5,111.5,2961.0,339.2,446.1,2037,2756.8,177,78.5,21
0.973938,381.5,42.8,2360.0,121.3,2965.0,349.3,447.2,2041,2761.7,177.1,78.4,22.6
0.975938,377.7,40.7,2362.6,136.8,2979.1,370.3,448.4,2044.9,2766.5,177.2,78.4,23.4
0.977938,373.2,37.9,2364.9,153.4,2996.8,407.5,449.6,2048.8,2771.2,177.2,78.3,23.7
0.979938,369.2,35.2,2368.9,165.6,3009.7,454.2,450.8,2052.7,2775.9,177.4,78.2,23.8
0.981938,366.4,32.9,2378.9,171.2,3008.2,500.4,452.1,2056.5,2780.5,177.5,78,23.7
0.983938,364.5,30.9,2398.9,171.5,2995.1,542.2,453.3,2060.3,2785.1,177.6,77.9,23.5
0.985937,362.9,29.1,2426.6,169.4,2988.5,592.3,454.5,2064.1,2789.5,177.8,77.7,23.3
0.987937,361.4,27.7,2457.2,167.5,2996.7,692.3,455.8,2067.9,2794,178,77.5,22.9
0.989937,360.0,26.8,2485.0,165.4,3021.6,884.2,457.1,2071.6,2798.3,178.2,77.3,22.3
0.991937,359.4,27.0,2506.1,160.3,3074.9,1163.3,458.3,2075.3,2802.6,178.4,77.1,21.8
0.993937,360.7,27.9,2518.3,155.2,3153.2,1388.7,459.6,2078.9,2806.8,178.7,76.8,21.2
0.995937,364.1,28.6,2522.9,149.1,3199.8,1368.0,460.9,2082.5,2811,178.9,76.6,20.7
0.997937,368.1,27.9,2521.0,134.5,3191.9,1138.7,462.2,2086.1,2815.1,179.2,76.3,20.2
0.999937,371.6,26.5,2515.9,113.8,3175.7,863.0,463.5,2089.6,2819.1,179.5,76,19.6
1.001937,374.1,26.5,2511.5,99.9,3169.9,638.6,464.9,2093.1,2823,179.8,75.8,18.9
1.003937,375.4,29.1,2509.8,100.5,3171.8,485.2,466.2,2096.5,2826.9,180.1,75.5,18.2
1.005937,374.7,33.4,2514.0,112.6,3178.8,406.0,467.5,2099.9,2830.7,180.5,75.2,17.3
1.007937,372.0,38.2,2529.2,124.4,3194.1,380.8,468.9,2103.3,2834.5,180.8,74.9,16.3
1.009937,368.7,42.8,2554.4,124.2,3218.9,389.4,470.2,2106.6,2838.2,181.1,74.6,15.2
1.011937,365.8,48.5,2579.9,113.7,3248.5,385.9,471.5,2109.9,2841.8,181.4,74.1,14.1
1.013937,361.6,57.6,2597.4,105.5,3265.2,335.6,472.9,2113.2,2845.4,181.7,73.6,13.1
1.015937,352.5,69.3,2606.2,103.7,3262.6,282.2,474.2,2116.4,2848.8,181.9,72.9,12
1.017937,341.5,77.2,2609.8,105.1,3253.0,264.4,475.6,2119.5,2852.3,182.2,72.2,10.9
1.019937,332.6,82.6,2613.0,108.0,3242.4,270.3,477,2122.7,2855.6,182.5,71.4,9.9
1.021937,325.3,86.0,2617.7,115.1,3231.5,288.5,478.3,2125.8,2858.9,182.7,70.6,9.1
1.023937,318.7,82.7,2624.2,134.3,3215.8,310.8,479.7,2128.8,2862.1,182.9,69.9,8.7
1.025937,316.8,70.7,2629.3,178.3,3191.3,313.5,481.1,2131.8,2865.3,183.1,69.3,12.4
1.027937,319.5,56.6,2627.6,264.4,3162.1,279.2,482.4,2134.8,2868.3,183.2,68.9,20
1.029937,322.3,45.7,2618.8,404.8,3136.3,238.0,483.8,2137.7,2871.4,183.4,68.5,26
1.031937,322.4,39.5,2597.3,626.1,3107.5,213.1,485.1,2140.5,2874.3,183.5,68.1,25.3
1.033937,319.6,39.0,2504.7,885.7,3076.8,189.6,486.5,2143.4,2877.2,183.6,67.6,12.3
1.035937,314.0,46.1,2357.4,934.3,3052.6,172.2,487.9,2146.2,2880,183.7,66.9,-19.7
1.037937,308.5,62.1,2282.1,818.6,3037.5,166.7,489.2,2148.9,2882.8,183.7,66.1,-67.2
1.039937,308.0,84.3,2266.6,635.9,3034.1,166.1,490.6,2151.6,2885.5,183.8,65.1,-120
1.041937,318.8,95.0,2277.8,433.5,3039.8,165.3,491.9,2154.3,2888.1,183.8,64,-167.7
1.043937,336.6,85.0,2284.4,275.1,3044.6,162.3,493.3,2156.9,2890.7,183.8,63.1,-200
1.045937,349.0,74.5,2276.8,195.5,3044.9,161.9,494.6,2159.4,2893.2,183.8,62.2,-213.6
1.047937,353.9,76.2,2259.0,170.3,3047.6,167.1,495.9,2162,2895.6,183.8,61.7,-215.3
1.049937,351.5,91.7,2238.4,184.9,3056.9,180.8,497.3,2164.4,2898,0,61.3,-210.2
1.051937,343.9,124.3,2230.6,238.1,3069.9,210.1,498.6,2166.9,2900.4,0,61,-203.4
1.053937,334.4,181.2,2254.8,331.5,3081.0,261.6,499.9,2169.3,2902.6,0,60.8,-200
1.055937,323.8,258.2,2315.9,438.5,3085.6,330.0,501.2,2171.6,2904.8,0,60.6,-200
1.057937,318.6,304.3,2376.4,495.9,3076.2,393.0,502.5,2173.9,2907,0,60.3,-200
1.059937,325.8,295.2,2407.2,500.6,3050.6,444.1,503.8,2176.2,2909.1,0,60,-200
1.061937,340.2,271.4,2402.5,485.9,3021.1,479.5,505,2178.4,2911.1,0,59.8,-200
1.063937,354.8,275.6,2356.5,467.1,3008.5,502.2,506.3,2180.6,2913.1,0,59.6,-200
1.065937,363.0,313.2,2291.7,422.0,3027.4,527.5,507.6,2182.7,2915,0,59.5,-200
1.067937,361.2,376.1,2252.0,364.3,3069.1,595.0,508.8,2184.8,2916.9,0,59.5,-200
1.069937,345.2,465.4,2247.3,318.2,3141.8,719.2,510,2186.9,2918.7,0,59.6,-200
1.071937,311.6,574.4,2253.8,276.5,3248.2,805.2,511.2,2188.9,2920.5,0,59.6,-200
1.073937,264.2,669.4,2250.3,251.5,3284.5,852.2,512.4,2190.8,2922.2,0,59.7,-200
1.075937,214.2,733.3,2234.0,259.9,3207.7,909.4,513.6,2192.8,2923.9,0,59.6,-200
1.077937,174.0,796.4,2208.8,293.1,3120.9,841.2,514.8,2194.6,2925.5,0,59.5,-200
1.079937,168.6,869.2,2185.5,339.5,3102.6,761.5,516,2196.5,2927,0,59.4,-200
1.081937,225.9,907.9,2180.1,389.3,3121.5,744.5,517.1,2198.3,2928.6,0,59.3,-200
1.083937,308.3,867.6,2195.7,413.8,3144.3,752.7,518.2,2200,2930,0,59.3,-200
1.085938,373.2,746.2,2202.6,376.5,3140.7,712.1,519.3,2201.7,2931.5,0,59.4,-200
1.087938,413.0,613.8,2178.2,280.8,3116.2,602.2,520.4,2203.4,2932.8,0,59.5,-200
1.089938,445.5,533.3,2144.2,188.3,3088.6,506.6,521.5,2205,2934.2,0,59.6,-200
1.091938,487.3,511.6,2123.1,144.8,3060.3,479.2,522.6,2206.6,2935.4,0,59.6,-200
1.093938,537.8,528.6,2113.6,139.6,3034.2,508.1,523.6,2208.1,2936.7,0,59.6,-200
1.095938,589.2,557.9,2109.2,157.8,3011.7,584.5,524.6,2209.6,2937.9,0,59.4,-200
1.097938,620.2,594.1,2109.7,193.8,2997.2,724.0,525.6,2211.1,2939,0,59.1,-200
1.099938,616.8,666.4,2130.4,251.5,2977.4,1001.0,526.6,2212.5,2940.1,0,58.7,-200
1.101938,588.1,785.5,2202.8,304.6,2892.9,1494.7,527.5,2213.8,2941.2,0,58.2,-200
1.103938,561.7,882.1,2284.4,294.2,2709.7,1817.8,528.5,2215.2,2942.2,0,57.9,-200
1.105938,554.9,913.2,2295.3,348.1,2535.7,1304.7,529.4,2216.5,2943.2,0,57.7,-200
1.107938,587.2,886.6,2161.2,453.0,2563.9,658.5,530.3,2217.7,2944.2,0,57.8,-200
1.109938,657.8,754.0,2058.3,334.0,2628.5,482.7,531.1,2218.9,2945.1,0,58.1,-200
1.111938,701.5,604.3,2019.7,266.4,2659.6,466.8,532,2220.1,2946,0,58.7,-200
1.113938,712.5,535.9,2012.6,245.5,2673.7,550.2,532.8,2221.2,2946.8,0,59.4,-200
1.115938,713.0,518.2,2022.4,240.3,2669.1,703.1,533.6,2222.3,2947.6,0,60.2,-200
1.117938,709.1,517.2,2034.3,240.5,2637.1,877.4,534.4,2223.4,2948.4,0,60.9,-200
1.119938,707.1,544.5,2045.8,242.4,2614.9,1026.1,535.1,2224.4,2949.1,0,61.6,-200
1.121938,710.5,631.3,2058.1,251.2,2666.1,1125.2,535.8,2225.3,2949.8,0,62.1,-200
1.123938,714.7,831.2,2077.6,288.8,2771.4,1118.3,536.5,2226.3,2950.5,0,62.6,-200
1.125938,704.6,1143.4,2112.3,344.1,2840.9,1057.6,537.2,2227.2,2951.1,0,63.1,-200
1.127938,661.6,1185.4,2134.9,348.4,2859.0,973.4,537.9,2228,2951.8,0,63.4,-200
1.129938,620.5,862.5,2119.0,306.4,2840.8,850.9,538.5,2228.8,2952.3,0,63.7,-200
1.131938,601.1,597.0,2091.0,266.2,2819.7,744.8,539.1,2229.6,2952.9,0,63.9,-200
1.133938,594.5,432.4,2066.4,250.6,2798.0,693.8,539.6,2230.3,2953.4,0,63.9,-200
1.135938,595.2,344.8,2042.2,261.0,2773.5,687.3,540.2,2231,2953.9,0,63.8,-200
1.137938,596.1,315.7,2013.4,282.4,2756.5,689.7,540.7,2231.7,2954.3,0,63.5,-200
1.139938,590.0,320.7,1977.4,293.6,2753.5,681.6,541.2,2232.3,2954.8,0,63.2,-200
1.141938,575.2,342.1,1944.2,280.7,2768.5,671.5,541.6,2232.9,2955.2,0,63,-200
1.143938,562.0,356.0,1925.7,249.9,2802.6,674.9,542,2233.4,2955.5,0,62.9,-200
1.145938,568.8,339.6,1926.1,220.6,2847.9,700.2,542.4,2233.9,2955.9,0,62.9,-200
1.147938,594.4,300.7,1937.9,198.6,2897.3,743.7,542.8,2234.4,2956.2,0,63.1,-200
1.149938,623.6,271.3,1948.5,184.0,2935.5,789.1,543.1,2234.8,2956.5,0,63.3,-200
1.151938,651.8,277.9,1946.1,177.7,2938.0,820.8,543.5,2235.2,2956.7,0,63.5,-200
1.153938,684.6,328.7,1931.9,182.9,2903.3,831.4,543.7,2235.6,2957,0,63.7,-200
1.155938,724.9,425.6,1917.5,206.3,2875.5,851.0,544,2235.9,2957.2,0,63.7,-200
1.157938,760.3,574.5,1912.7,259.9,2892.2,955.1,544.2,2236.2,2957.4,0,63.7,-200
1.159938,792.5,824.0,1916.7,363.3,2938.4,1221.7,544.4,2236.4,2957.5,0,63.6,-200
1.161938,845.6,1238.7,1926.3,517.6,2954.4,1799.0,544.6,2236.6,2957.7,0,63.4,-200
1.163938,924.7,1627.0,1941.6,614.3,2691.6,2449.3,544.7,2236.8,2957.8,0,63.1,-200
1.165938,893.7,1282.1,1959.3,513.8,2563.8,1962.8,544.8,2236.9,2957.9,0,62.8,-200
1.167938,857.0,917.7,1984.2,391.6,2529.8,1656.7,544.9,2237,2957.9,0,62.4,-200
1.169938,839.8,713.2,2010.0,317.2,2503.5,1542.9,544.9,2237.1,2958,0,62,-200
1.171938,845.6,625.1,2032.1,279.9,2502.3,1541.0,544.9,2237.1,2958,0,61.6,-200
